"A.n"	"A.n.sigma"	"B.n.mean"	"B.n.na"	"B.n.sigma"	"B.n.error.mean"	"C.n.mean"	"C.n.na"	"C.n.sigma"	"C.n.error.mean"
"1"	2000	44.7213595499958	1997.58548759263	0	83.8278933009399	71.2939735286641	1998.6703033704	0	87.3579103626363	37.6056192184197
"2"	1898	43.5660418215839	1900.52483298069	0	84.5263435140252	68.9273428876556	1898.31116398532	0	89.3587919884726	36.5954683843763
"3"	1802	42.4499705535822	1801.37574967284	0	80.3604221432345	67.4832407291338	1803.41133069198	0	85.9168401508672	35.7672237002823
"4"	1710	41.3521462562707	1709.29968596752	0	80.0828657280094	65.7744520153599	1710.34457567763	0	84.331477214437	34.8271474213483
"5"	1624	40.2988833592198	1621.61276943678	0	76.1944090909741	63.2906622717014	1621.94697213882	0	83.6384069982668	33.856128878569
"6"	1542	39.2683078321437	1540.43388566471	0	75.5709370953166	62.3012106972159	1537.01306456936	0	80.754874385423	32.9338336891665
"7"	1464	38.262252939418	1463.28396115251	0	71.6934511072237	61.4683375331058	1465.00765462258	0	75.2514166582803	32.3505915141758
"8"	1390	37.2827037646145	1389.28610420156	0	72.0705645409163	59.0650106927347	1390.21052023009	0	74.3488895246332	31.2969299743106
"9"	1320	36.3318042491699	1318.02515027338	0	68.7753751605512	57.096813467028	1319.39989990448	0	73.9324305671628	30.5219456130344
"10"	1252	35.3836120259083	1253.45998335448	0	66.5117397599813	55.6617319175684	1254.58563884378	0	72.384571016634	29.7144031148136
"11"	1188	34.4673758792282	1187.52767759545	0	66.575817935331	54.8098445129271	1186.85632508511	0	71.2755837229627	29.0159944813363
"12"	1128	33.5857112474933	1128.80697469941	0	65.3127373011036	53.6262040988614	1127.57575198293	0	68.6971886275225	28.3235704429612
"13"	1070	32.7108544675922	1070.07330601582	0	62.901580411716	51.7418007113876	1071.26942948562	0	65.3415321181999	27.4626448780588
"14"	1016	31.8747549010185	1017.22802296492	0	59.1736006806418	50.0363516757216	1018.17994005328	0	62.0065153772221	26.8151392897429
"15"	964	31.04834939252	963.049946003608	0	58.6025393720029	48.7877939660861	964.080725797812	0	60.6598089973385	26.0457341733392
"16"	914	30.2324329156619	915.453959293357	0	57.3663173072495	47.7262931509842	915.662152115552	0	61.0195298849056	25.3329884985378
"17"	868	29.4618397253125	866.192746358752	0	56.6329714534955	46.4898365741019	866.731637487113	0	59.5660253033313	24.7488292918397
"18"	824	28.7054001888146	825.40469999377	0	54.5592154889942	44.2914231535394	823.929856208471	0	57.6713041365117	23.9640473273796
"19"	782	27.9642629082191	783.771609262806	0	52.3825134453355	44.4286857170311	783.392738294111	0	55.115955161083	23.5389868868281
"20"	742	27.2396769437525	743.658332704659	0	52.423867714242	43.1452792877283	745.160769517339	0	56.5171329906518	22.9264252723715
"21"	704	26.5329983228432	701.912141032016	0	51.562864759779	41.954501313014	702.010641792245	0	53.9115668557074	22.3726695068228
"22"	668	25.8456959666402	669.063789654671	0	49.6241768495034	41.2353501111537	668.051004320666	0	51.2511631712967	21.6497561860695
"23"	634	25.1793566240283	633.909132563003	0	47.3864942965689	39.9273962767396	635.442599195476	0	50.6847827306729	21.1588493906448
"24"	602	24.5356882927706	600.543390688877	0	46.250994466067	39.0242503123554	601.661256298398	0	48.6195075863228	20.698042353852
"25"	570	23.8746727726266	573.760705824714	0	45.6985327726757	37.3203830773491	573.087402692875	0	47.1742029687002	20.0329516874249
"26"	540	23.2379000772445	538.902097135326	0	44.0799477781338	36.5864166316017	540.629031971118	0	47.034048692375	19.4716009158965
"27"	512	22.6274169979695	511.619077931426	0	44.1391855795839	35.6858980085076	511.454547035561	0	45.9165210375403	18.9580590352431
"28"	486	22.0454076850486	483.885515285037	0	41.6158597879564	34.7024966633205	483.790420515005	0	46.1485342322241	18.4749978774553
"29"	460	21.4476105895272	458.421345887865	0	40.9600112899166	33.6441544043525	458.016725633901	0	41.8304034731926	17.9726770618592
"30"	436	20.8806130178211	437.861172040717	0	39.9171260043509	32.668694993781	438.819616596867	0	42.0591525812542	17.4977087871697
"31"	414	20.3469899493758	414.664354377932	0	39.4454387425374	32.1508816201519	414.98357921803	0	40.7594091407445	17.069348685063
"32"	392	19.7989898732233	391.334358455017	0	36.7007174617434	31.0781731780726	391.312430791406	0	39.1988221665175	16.6281749014196
"33"	372	19.2873015219859	369.693819158551	0	37.167545633939	30.576917050871	371.495794897483	0	41.2463670976435	16.2562108459345
"34"	352	18.7616630392937	352.169885167691	0	36.7782777226375	29.545411131111	350.767043688249	0	39.3528535743039	15.7296154573673
"35"	334	18.2756668824971	334.495846632286	0	34.8122196329596	28.6485254512077	334.705383645423	0	37.1637686377031	15.3349467311196
"36"	316	17.7763888346312	316.19123763165	0	33.2931390259203	28.1239462314559	316.44154621601	0	36.1338311566309	14.9428551574273
"37"	300	17.3205080756888	299.369900004371	0	32.4258858518488	27.413709157009	300.587438461357	0	34.3136152312324	14.5660235919072
"38"	284	16.8522995463527	286.265125053029	0	32.9397911590034	26.8069806301519	284.776618309897	0	34.4080629760201	14.1807830822491
"39"	268	16.3707055437449	268.138702305537	0	29.7612531613885	26.3963252582965	267.04230721932	0	32.3810042719861	13.8350066186423
"40"	254	15.9373774505092	253.117940836342	0	30.3557923038496	25.1828872115789	253.181415752494	0	32.4204970576245	13.3893808198181
"41"	240	15.4919333848297	239.646627407782	0	29.2013672470147	24.3229420852947	240.457805268405	0	31.3282358015577	12.9853201253864
"42"	226	15.0332963783729	225.301650142933	0	28.8926928797432	23.8280630337232	224.69284563493	0	31.1253710682892	12.6262550298355
"43"	214	14.6287388383278	214.697023675394	0	26.9005289308614	23.1431266000731	215.643181330413	0	27.6078771571775	12.2906005993454
"44"	202	14.2126704035519	201.922903332223	0	28.4374774329047	22.643085529511	202.529431219426	0	29.233639534976	11.967261371897
"45"	190	13.7840487520902	189.367167653107	0	25.9626622201082	21.5558587350333	189.412651532172	0	27.2851978844828	11.5255229564091
"46"	180	13.4164078649987	180.239942962636	0	25.6685611368429	21.1093983367114	179.550345367043	0	26.9761212089107	11.2347053350536
"47"	170	13.0384048104053	169.449494049135	0	24.7623893842408	20.8478382442022	169.858188859932	0	26.5819528037745	11.0081313967726
"48"	160	12.6491106406735	159.25552369775	0	23.8807057326026	19.8456281669734	160.512785198241	0	26.1223003693302	10.5789874410947
"49"	150	12.2474487139159	150.120652256508	0	23.2616482548799	19.2706473888112	150.803735582943	0	24.996131089372	10.2787456513829
"50"	142	11.916375287813	143.156959268228	0	22.9278166135584	18.7471406453944	143.064687017023	0	23.661619367456	10.0176373911986
"51"	134	11.5758369027902	134.156585073486	0	22.0949291739806	18.2687638664831	133.98279695252	0	22.8310788505207	9.70952793568757
"52"	126	11.2249721603218	124.515203580765	0	21.6658793082986	17.4763629960032	125.517592908094	0	22.2877854298197	9.39569288070416
"53"	118	10.8627804912002	117.825961138311	0	20.2424104345479	17.2814306532636	117.987527897641	0	22.7155424798215	9.13896483258246
"54"	112	10.5830052442584	111.44278027091	0	20.0444261409718	16.689282028165	111.851326565446	0	21.302570646484	8.88404199624549
"55"	106	10.295630140987	105.011902516204	0	19.8181133821497	16.0729286168942	106.176219947552	0	20.7953218224972	8.63533508700284
"56"	100	10	100.712273909443	0	19.0688204475747	15.879219153946	100.684151502256	0	19.97020361551	8.42186629906861
"57"	94	9.69535971483266	94.9257898419568	0	18.6446257183415	15.3418449636822	95.2867733273012	0	19.4954944931062	8.13698945881827
"58"	88	9.38083151964686	87.8164969644882	0	17.3060731432419	14.78186182544	87.0965657527277	1	18.8857979470241	7.84925720656305
"59"	82	9.05538513813742	81.6585783571185	0	17.0079451714792	14.2516160744858	82.0325260445127	0	17.6559214469771	7.61539553681357
"60"	76	8.71779788708135	75.8484288038351	0	16.9802157737089	13.6535502342892	75.5816263930258	0	17.783913274567	7.29307023723482
"61"	72	8.48528137423857	72.4429289194751	0	17.0331887554347	13.4002028215818	72.1184147285867	0	17.8732481703571	7.12104260562702
"62"	68	8.24621125123532	68.0020016209495	0	16.0463336515538	12.8816391736666	67.43688665685	1	16.7282967259836	6.89867254936776
"63"	64	8	63.3744737532109	0	14.9233821354769	12.7189867177231	62.7929103787432	0	15.734176299453	6.72367819576254
"64"	60	7.74596669241483	59.3283816509476	0	14.8834256478423	12.122066571833	58.8629742325449	1	15.569008093113	6.47411094256352
"65"	56	7.48331477354788	56.0176397879655	0	14.5433743095825	11.7453946629287	56.0045116671512	0	15.6109475672777	6.26995809284151
"66"	52	7.21110255092798	51.934939885156	0	13.9138515877494	11.412710743986	51.6936868887587	0	14.8751826850946	6.05952836161359
"67"	48	6.92820323027551	47.8276934552659	0	13.3654957239018	10.8632354383492	47.8041961242843	0	13.7621491797023	5.81052918136263
"68"	44	6.6332495807108	44.0730938025704	0	12.632092876494	10.4945400701393	44.3479852804786	0	13.2188437674806	5.576732356032
"69"	40	6.32455532033676	39.4127208944226	0	12.321948239894	9.92023779346458	39.6789045043208	1	13.013336400473	5.27714788182054
"70"	36	6	35.841147516228	0	11.3158232699524	9.42318239287344	35.6727839344744	0	12.2023177705924	5.04861203222169
"71"	34	5.8309518948453	33.8874951662154	0	11.4319502568521	9.12425247061067	33.8542788544224	0	12.0484974998079	4.86601264110046
"72"	32	5.65685424949238	31.9214415809574	0	11.2163904999503	8.83949665891042	32.2280622001743	0	11.9445737314575	4.752478078677
"73"	30	5.47722557505166	29.3592331545441	0	10.5434381881566	8.60137079913171	29.620769898551	0	11.2300179849021	4.59626359140235
"74"	28	5.29150262212918	28.765812892848	0	10.4213263832814	8.43140458844555	28.4906450619709	0	10.6397877664938	4.45083545290727
"75"	26	5.09901951359278	25.9018048847289	0	9.52930092013635	8.01602489562666	25.8104135997458	0	10.2968089166291	4.27868586932686
"76"	24	4.89897948556636	24.2181292556879	0	9.41909904457466	7.72242298127408	24.4698877298698	1	10.0737528666914	4.10284433385396
"77"	22	4.69041575982343	21.7881708954779	0	9.32585875903373	7.35853079524039	21.9817520004342	2	9.6090625260408	3.90409970536114
"78"	20	4.47213595499958	19.6738014417014	0	8.32765455826229	7.03181571444296	19.9565786628383	1	8.99461301515085	3.74493582193673
"79"	18	4.24264068711928	18.3727736876075	0	8.10926542284002	6.63546005802296	18.3481435390886	0	8.63621033562153	3.56264647066646
"80"	16	4	15.5000119117916	0	7.68206841406987	6.20765027079745	15.8028922760249	0	8.21564418555327	3.34247104707717
"81"	14	3.74165738677394	14.0649086594392	0	7.08053674321882	5.92072431288104	14.0565113939716	0	7.60765605369781	3.14104706851511
"82"	12	3.46410161513775	11.9538680439325	0	6.57318073298127	5.49324114545994	11.7944756775657	0	6.81063592273793	2.91020171806901
"83"	10	3.16227766016838	10.3896851798668	0	6.29241875092651	5.02553725361541	10.4060319833868	0	6.85404259548428	2.6544789105684
"84"	8	2.82842712474619	7.80352342685827	0	5.53595453589896	4.38035591298917	7.81250766018644	0	5.95518856076889	2.3585294772174
"85"	6	2.44948974278318	5.90730037695471	0	4.69216201957184	3.81715853787706	6.06378094432862	0	4.9521343600898	2.04539014684654
"86"	4	2	3.90286228164571	0	3.76780447774329	3.09231146365941	4.08444875208056	0	3.97726500037933	1.66950821481071
"87"	2	1.4142135623731	1.95460635612888	0	2.71771084456987	2.18291682348792	1.91307728521042	1	2.76802649210463	1.17308768164276
