"A.n"	"A.n.sigma"	"B.n.mean"	"B.n.na"	"B.n.sigma"	"B.n.error.mean"	"C.n.mean"	"C.n.na"	"C.n.sigma"	"C.n.error.mean"
"1"	1000	31.6227766016838	1001.17492832446	0	130.536261977922	125.218186915002	997.704675788856	0	143.081143680582	90.1224265778808
"2"	949	30.8058436014987	945.900795296116	0	130.025518862083	122.093749753437	950.997566291991	0	140.184679582108	87.7015850673691
"3"	901	30.0166620396073	900.7159217038	0	122.769064293849	119.454686756425	897.856526261078	0	136.337571803138	85.7166843508545
"4"	855	29.2403830344269	860.99212013853	0	119.889466558806	115.731526241743	858.648772426442	0	128.550732973281	83.4637775541974
"5"	812	28.49561369755	815.156416270108	0	113.106360649048	112.851300767739	812.865620884133	0	131.347175791665	81.1367171576228
"6"	771	27.7668867538296	770.547746975477	0	114.105767246321	109.592147711775	776.612499551148	0	124.681518697104	78.926422956306
"7"	732	27.0554985169374	731.317626856169	0	112.046253200391	107.525571050632	727.23406839653	0	120.265831856965	77.528674442278
"8"	695	26.3628526529281	697.904987292895	0	107.51506291456	104.000708686641	695.306592805569	0	115.466409676076	75.0035588983098
"9"	660	25.6904651573303	659.765300110721	0	107.43798608202	101.8031452332	657.921866249316	0	119.629638459525	73.1462973003534
"10"	626	25.0199920063936	625.058102399777	0	101.894964616696	99.04273604166	621.913361147522	0	114.405040750162	71.2110096325738
"11"	594	24.3721152139079	593.373008378249	0	98.4679079909514	96.3839514201684	594.488023403821	0	108.237388320439	69.5372629181964
"12"	564	23.7486841740758	562.284984293395	0	100.691835539897	94.4416693671543	564.371002675461	0	108.736460959131	67.8778584112152
"13"	535	23.1300670124408	538.173318446313	0	98.8122516383049	91.4324047799267	536.083712931655	0	104.190524403527	65.8146375158161
"14"	508	22.5388553391693	503.268636955324	0	93.0647241499133	89.7106748317222	501.13474722928	0	100.024458372262	64.2628807129377
"15"	482	21.9544984001001	481.28116878494	0	89.5770332878812	86.7530647493342	479.707921209375	0	97.3040444969449	62.4189898774489
"16"	457	21.3775583264319	454.912113054114	0	89.6735306367278	84.3276524876542	455.491424615742	0	96.6516039204879	60.710884251567
"17"	434	20.8326666559997	437.762504333567	0	84.7778738691554	82.1730338038142	437.463326328708	0	95.5501578694272	59.3109380215839
"18"	412	20.2977831301844	411.363294639648	0	85.4811098837852	79.9593905111158	413.919376451723	0	91.1107607649389	57.4301963858403
"19"	391	19.7737199332852	390.186398729779	0	79.4172998223877	78.4986143372957	391.057505780308	0	88.8508868224901	56.4115326363703
"20"	371	19.2613602842582	370.084021278699	0	78.0528567541447	76.5209362617482	366.235507795372	0	87.0969033448048	54.9435196672578
"21"	352	18.7616630392937	352.278634959199	0	79.5495890708254	74.8659717071833	351.649839060776	0	86.8917659725875	53.6164357199647
"22"	334	18.2756668824971	331.27095360638	0	76.1077210096454	71.6883185108853	334.590408781814	0	80.037178998331	51.8839632430251
"23"	317	17.8044938147649	318.940538569904	0	71.3796146937841	70.3944731181976	315.581283325052	0	78.9733622799727	50.7074976586921
"24"	301	17.3493515728975	302.630936964142	0	70.243253085176	69.0033678076082	300.872663237131	0	75.2160808999799	49.6031667917882
"25"	285	16.8819430161341	282.825705076235	0	69.3318201156918	66.788322006136	283.679568892963	0	74.2073698751767	48.0092671066968
"26"	270	16.431676725155	273.190150145504	0	66.7366858746008	64.761664507278	269.91532013452	0	74.7102621679507	46.6639816230787
"27"	256	16	255.364816345378	0	67.5583424232635	63.04106688152	255.703220642886	0	72.1833685336782	45.4332708491668
"28"	243	15.5884572681199	244.150846228614	0	63.1036108908272	61.6028705999534	244.602329434007	0	72.7349993074878	44.2756076329509
"29"	230	15.1657508881031	230.955399589336	0	60.6818383648052	59.7164829563345	232.064852502279	0	66.3812500063992	43.0717882258389
"30"	218	14.7648230602334	216.739472099176	0	60.2316392664132	58.222033253468	214.714199915921	0	67.7425518411852	41.9335197455225
"31"	207	14.3874945699382	207.139705802104	0	57.886323286401	56.7641212634937	206.660649813481	0	63.9867107175165	40.9069483375565
"32"	196	14	195.74854875393	0	56.1582692741071	55.5648657847353	196.365505486159	0	61.6653671806942	39.8496688488231
"33"	186	13.6381816969859	190.049792254226	0	56.6358067622283	54.2766381466753	186.323822662001	0	63.5986586503348	38.9582520213494
"34"	176	13.2664991614216	175.053071098491	0	55.513778097636	52.3219263970627	177.160141165801	0	63.0286326257058	37.6962577035481
"35"	167	12.9228479833201	167.719512638314	0	52.0973263103817	51.1617421736952	167.253893802249	0	57.2248895063963	36.7504281922208
"36"	158	12.5698050899765	157.264878362254	0	52.1765783149779	49.7092167314075	156.792360198099	0	57.3266890928153	35.8107748969514
"37"	150	12.2474487139159	151.306885254502	0	49.5867228143609	48.50612831001	149.508225299562	0	52.376564757589	34.9076925628294
"38"	142	11.916375287813	140.036700073936	0	52.2356781385732	47.249003581806	141.826673395309	0	56.362428090709	33.984457985196
"39"	134	11.5758369027902	133.554934086564	0	47.7243967479911	45.8814278393926	135.997491611773	0	53.7899234952643	33.1557994869961
"40"	127	11.2694276695846	128.436468648817	0	48.1773987009043	44.6708342791277	128.338164280946	0	52.5867409754972	32.0878505082078
"41"	120	10.9544511501033	119.24002442103	0	45.6898988657668	43.2978783395921	117.805525997507	0	51.2996369602893	31.1195130150936
"42"	113	10.6301458127346	112.671974519517	0	43.2759114786446	42.1442703246405	114.098257731031	0	49.7426292668945	30.2590082856653
"43"	107	10.3440804327886	106.581348136831	0	43.8732237854078	40.9068034771007	104.505778607419	0	45.8113014128927	29.4546074329658
"44"	101	10.0498756211209	102.354030670319	0	43.1633285379688	39.9421436178712	100.868571825066	0	45.7801920030267	28.6797201497819
"45"	95	9.74679434480896	96.2206114049608	0	41.0497862527813	38.3954840507485	96.3802590184894	0	42.6622501527335	27.6210873697882
"46"	90	9.48683298050514	88.0965956259415	0	38.0354959881231	37.2847406804532	89.4595811676559	0	42.3473244833942	26.9241385479124
"47"	85	9.21954445729289	86.4644195233494	0	37.6615507507424	36.5621951547053	85.5409423730288	0	42.0394420845531	26.3811508565164
"48"	80	8.94427190999916	80.4839664979885	0	35.6910324499362	35.2118514432897	78.0238244135003	0	40.6135245707625	25.3527008657299
"49"	75	8.66025403784439	75.0464147021121	0	36.2919363439642	34.1947076872128	73.4414364338109	0	40.2398458590565	24.6331670194458
"50"	71	8.42614977317636	70.2356699023948	0	35.539450933858	33.3857209402161	70.1620306210947	0	37.6373122086864	24.0074172150413
"51"	67	8.18535277187245	66.5033358286263	0	32.896844110006	32.3881784334162	66.6985909740022	0	36.6963519399521	23.2690283064826
"52"	63	7.93725393319377	64.7193496996445	0	32.8133455873961	31.2718817282333	63.0336507346974	0	35.3114471552894	22.5169179658307
"53"	59	7.68114574786861	59.3670169871884	0	30.8730691963034	30.3726144528952	59.2416425463787	0	35.3524158786001	21.901665464881
"54"	56	7.48331477354788	56.6288382937659	0	30.1160707599051	29.5408853222057	55.9367624111045	0	32.9379696845778	21.2907390005709
"55"	53	7.28010988928052	54.5555804189319	0	29.7077124906677	28.7887555229674	52.6115568180003	0	32.688885424338	20.6947091720766
"56"	50	7.07106781186548	50.2941896195814	0	29.3035083977592	27.8828292195039	50.2088162645169	0	32.1097642697924	20.1831280448491
"57"	47	6.85565460040104	46.2405285515175	0	28.1707991700824	27.1004661356053	45.9130905113164	0	30.7756240443043	19.5004164601367
"58"	44	6.6332495807108	44.1787574014597	0	27.3694612339221	26.1911464048466	45.3714991953447	1	30.4273324342974	18.8108617790585
"59"	41	6.40312423743285	41.1477341308416	0	26.6011520139616	25.4178347393663	40.4649881498512	0	28.6124231989439	18.2504087876148
"60"	38	6.16441400296898	38.324032428647	0	25.2437042689344	24.3482247749437	38.772566685511	0	28.2313091471529	17.4779514257856
"61"	36	6	34.8584178827394	0	25.4015667974334	23.6333444520159	35.1445919367113	0	27.3441797200356	17.0656848891894
"62"	34	5.8309518948453	34.1298745857299	0	24.0422600346331	22.9925795567965	34.9620080751441	1	25.8411669449089	16.5327716676106
"63"	32	5.65685424949238	32.7151311244038	0	23.5536258767461	22.3476220931539	33.8166706523386	0	25.2219143591797	16.1133948114424
"64"	30	5.47722557505166	30.0219893815998	0	23.0323616416961	21.6104451517818	30.9001786343398	1	24.6955851067853	15.515303149595
"65"	28	5.29150262212918	28.2650759229912	0	22.6809616001428	20.855839898883	28.0776421171817	0	24.6014632066761	15.0260476343278
"66"	26	5.09901951359278	26.4592134339467	0	22.1935490329184	20.1738311297614	26.8531836860203	0	24.0508757106028	14.52175004573
"67"	24	4.89897948556636	24.0603763857858	0	20.4568653706178	19.3214281083147	24.108787075261	0	21.7816169741092	13.925019766002
"68"	22	4.69041575982343	21.7393888492585	0	19.0268656029744	18.5937271114724	21.4305206552008	0	20.9799764490148	13.3647221730933
"69"	20	4.47213595499958	20.2724918662263	0	18.6014403542052	17.5609736381087	20.0118358146221	1	20.6832846529747	12.6467636013933
"70"	18	4.24264068711928	17.7751387303423	0	16.9932625203332	16.7704594688793	18.0622786742876	0	19.0689356966387	12.0990739301346
"71"	17	4.12310562561766	17.3607206758228	0	17.0027708782368	16.1301157197444	17.4828651835912	0	18.5509857224885	11.6614717749603
"72"	16	4	15.9256795079741	0	16.9073812365422	15.8809560406207	15.2605219279393	0	19.0611587823336	11.3893843973611
"73"	15	3.87298334620742	15.3249277690839	0	16.3019497422323	15.2932609779367	14.9080854637332	0	17.9254696437331	11.0150141684194
"74"	14	3.74165738677394	13.6860596866249	0	15.2511582882869	14.764995498417	14.0908321687515	0	16.5451291339154	10.6664934352681
"75"	13	3.60555127546399	12.9563381412608	0	14.3945690405674	14.2918989576846	13.1379207050263	0	16.104364479597	10.2539343912201
"76"	12	3.46410161513775	11.6734254213343	0	14.1524843866612	13.6095255710494	11.4141860626619	1	15.9432861305234	9.83252783906337
"77"	11	3.3166247903554	11.5463452412262	0	13.7463634034045	13.0277403125503	11.2015808081228	2	15.156181575476	9.35623320630315
"78"	10	3.16227766016838	10.419042610317	0	13.2573769115361	12.4708736348004	9.81479194517289	1	14.2169696442877	8.9747946337775
"79"	9	3	8.67818680655893	0	12.3142603731022	11.842849007788	8.65377131695275	0	13.5813870247391	8.53793537839749
"80"	8	2.82842712474619	8.72149638597661	0	11.9594933573924	11.1766586666558	8.11421982450657	0	12.7080101353578	8.01028180942327
"81"	7	2.64575131106459	7.06708104479156	0	10.8113165375497	10.4584135056865	7.06865637690513	0	12.0737172944895	7.52756604731082
"82"	6	2.44948974278318	5.88951791603841	0	9.97561727982541	9.65250555592762	6.13477194977184	0	10.6441403643779	6.9743416626318
"83"	5	2.23606797749979	4.80953696034739	0	9.5342665688454	8.80924515951799	4.79943104461042	0	11.0055948529039	6.36149826581405
"84"	4	2	4.0249148633905	0	8.24507207063281	7.84753911779335	4.02422598627796	0	9.25389120164038	5.65225103749498
"85"	3	1.73205080756888	3.14273204395375	0	7.05594119942899	6.79757772918916	2.83274417508211	0	7.73379072499864	4.90180798879183
"86"	2	1.4142135623731	2.1903382212684	0	5.87117157644826	5.5212868030361	1.87973129185155	0	6.16864485579457	4.0010013610499
"87"	1	1	1.19298481107784	0	4.23289109081145	3.85684794515598	1.24703693291492	1	4.4233779579573	2.8113220813612
